32441	0.13		time (s)	thrust (N)	Interval Sum			
32536	0.13		32.441	0.0012753		Impulse:	Stated impulse:	% diff:
32631	0.14		32.536	0.0012753	0.000121153	27.74973079	30	-7.500897366
32727	0.14		32.631	0.0013734	0.000125813			
32822	0.11		32.727	0.0013734	0.000131846			
32917	0.1		32.822	0.0010791	0.000116494			
33012	0.08		32.917	0.000981	9.78547E-05			
33107	0.06		33.012	0.0007848	8.38755E-05			
33203	0.03		33.107	0.0005886	6.52365E-05			
33298	0.03		33.203	0.0002943	4.23792E-05			
33393	0.03		33.298	0.0002943	2.79585E-05			
33488	0.02		33.393	0.0002943	2.79585E-05			
33584	-0.01		33.488	0.0001962	2.32987E-05			
33679	-0.03		33.584	-0.0000981	4.7088E-06			
33774	0		33.679	-0.0002943	-1.8639E-05			
33869	0.02		33.774	0	-1.39792E-05			
33965	0		33.869	0.0001962	9.3195E-06			
34060	-0.03		33.965	0	9.4176E-06			
34156	-0.05		34.06	-0.0002943	-1.39792E-05			
34251	-0.05		34.156	-0.0004905	-3.76704E-05			
34347	-0.06		34.251	-0.0004905	-4.65975E-05			
34442	-0.07		34.347	-0.0005886	-5.17968E-05			
34537	-0.08		34.442	-0.0006867	-6.05767E-05			
34632	-0.1		34.537	-0.0007848	-6.98962E-05			
34727	-0.11		34.632	-0.000981	-8.38755E-05			
34823	-0.09		34.727	-0.0010791	-9.78547E-05			
34918	-0.08		34.823	-0.0008829	-9.4176E-05			
35013	-0.08		34.918	-0.0007848	-7.92157E-05			
35108	-0.06		35.013	-0.0007848	-7.4556E-05			
35204	-0.03		35.108	-0.0005886	-6.52365E-05			
35299	-0.01		35.204	-0.0002943	-4.23792E-05			
35394	0		35.299	-0.0000981	-1.8639E-05			
35489	-0.01		35.394	0	-4.65975E-06			
35585	-0.01		35.489	-0.0000981	-4.65975E-06			
35680	0.01		35.585	-0.0000981	-9.4176E-06			
35775	0.02		35.68	0.0000981	0			
35870	0.03		35.775	0.0001962	1.39792E-05			
35965	0.03		35.87	0.0002943	2.32987E-05			
36061	0.05		35.965	0.0002943	2.79585E-05			
36156	0.05		36.061	0.0004905	3.76704E-05			
36251	0.06		36.156	0.0004905	4.65975E-05			
36346	0.08		36.251	0.0005886	5.12572E-05			
36442	0.09		36.346	0.0007848	6.52365E-05			
36537	0.08		36.442	0.0008829	8.00496E-05			
36632	0.06		36.537	0.0007848	7.92157E-05			
36727	0.03		36.632	0.0005886	6.52365E-05			
36823	0.03		36.727	0.0002943	4.19377E-05			
36918	0.01		36.823	0.0002943	2.82528E-05			
37013	-0.01		36.918	0.0000981	1.8639E-05			
37108	-0.01		37.013	-0.0000981	0			
37203	-0.01		37.108	-0.0000981	-9.3195E-06			
37299	-0.01		37.203	-0.0000981	-9.3195E-06			
37395	-0.03		37.299	-0.0000981	-9.4176E-06			
37490	-0.03		37.395	-0.0002943	-1.88352E-05			
37585	-0.02		37.49	-0.0002943	-2.79585E-05			
37681	0.03		37.585	-0.0001962	-2.32987E-05			
37776	0.53		37.681	0.0002943	4.7088E-06			
37871	2.03		37.776	0.0051993	0.000260946			
37966	11.45		37.871	0.0199143	0.001192896			
38062	58.99		37.966	0.1123245	0.006281343			
38157	175.23		38.062	0.5786919	0.033168787			
38252	286.85		38.157	1.7190063	0.109140664			
38347	371.03		38.252	2.8139985	0.215317728			
38443	448.06		38.347	3.6398043	0.306555633			
38538	521.8		38.443	4.3954686	0.385693099			
38633	592.99		38.538	5.118858	0.451930513			
38728	662.87		38.633	5.8172319	0.51946427			
38823	731.51		38.728	6.5027547	0.585199363			
38919	799.68		38.823	7.1761131	0.64974622			
39014	867.99		38.919	7.8448608	0.721006747			
39109	935.18		39.014	8.5149819	0.777092528			
39204	1001.22		39.109	9.1741158	0.840232141			
39300	1065.76		39.204	9.8219682	0.90231399			
39395	1128.11		39.3	10.4551056	0.973299542			
39490	1182		39.395	11.0667591	1.022288573			
39585	1197.15		39.49	11.59542	1.076453507			
39681	1197.15		39.585	11.7440415	1.108624421			
39776	1142.85		39.681	11.7440415	1.127427984			
39871	1092.89		39.776	11.2113585	1.0903815			
39966	1070.36		39.871	10.7212509	1.041798946			
40061	1054.39		39.966	10.5002316	1.008020419			
40157	1041.34		40.061	10.3435659	0.990080381			
40252	1030.43		40.157	10.2155454	0.986837342			
40347	1020.37		40.252	10.1085183	0.965393026			
40442	1011.28		40.347	10.0098297	0.95562153			
40538	988.42		40.442	9.9206568	0.946698109			
40633	930.96		40.538	9.6964002	0.941618736			
40729	863.14		40.633	9.1327176	0.894383096			
40824	795.94		40.729	8.4674034	0.844805808			
40920	729.66		40.824	7.8081714	0.773089803			
41015	664.33		40.92	7.1579646	0.718374528			
41110	599.45		41.015	6.5170773	0.64956449			
41205	535.11		41.11	5.8806045	0.588889885			
41300	471.51		41.205	5.2494291	0.528676596			
41396	408.19		41.3	4.6255131	0.469059754			
41491	344.89		41.396	4.0043439	0.414233136			
41586	282.14		41.491	3.3833709	0.350916453			
41681	219.76		41.586	2.7677934	0.292180304			
41777	157.78		41.681	2.1558456	0.233872852			
41872	96.26		41.777	1.5478218	0.177776035			
41967	35		41.872	0.9443106	0.118376289			
42062	-12.17		41.967	0.34335	0.061163878			
42158	-24.63		42.062	-0.1193877	0.010638209			
42253	-25.72		42.158	-0.2416203	-0.017328384			
42348	-26.36		42.253	-0.2523132	-0.023461841			
42443	-26.88		42.348	-0.2585916	-0.024267978			
42539	-27.17		42.443	-0.2636928	-0.024808509			
42634	-27.33		42.539	-0.2665377	-0.025451064			
42729	-27.42		42.634	-0.2681073	-0.025395637			
42824	-27.54		42.729	-0.2689902	-0.025512131			
42919	-27.64		42.824	-0.2701674	-0.025609986			
43015	-27.75		42.919	-0.2711484	-0.0257125			
43110	-27.83		43.015	-0.2722275	-0.026082043			
43205	-27.91		43.11	-0.2730123	-0.02589889			
43300	-28.02		43.205	-0.2737971	-0.025973446			
43396	-28.09		43.3	-0.2748762	-0.026061982			
43491	-28.16		43.396	-0.2755629	-0.026421077			
43586	-28.23		43.491	-0.2762496	-0.026211094			
43681	-28.25		43.586	-0.2769363	-0.02627633			
43777	-28.25		43.681	-0.2771325	-0.026318268			
43872	-24.39		43.777	-0.2771325	-0.02660472			
43967	-24.45		43.872	-0.2392659	-0.024528924			
44063	-25.36		43.967	-0.2398545	-0.022758219			
44158	-27.16		44.063	-0.2487816	-0.023454533			
44254	-28.97		44.158	-0.2664396	-0.024473007			
44349	-30.78		44.254	-0.2841957	-0.026430494			
44444	-32.61		44.349	-0.3019518	-0.027842006			
44539	-34.38		44.444	-0.3199041	-0.029538155			
44635	-36.11		44.539	-0.3372678	-0.031215665			
44730	-37.85		44.635	-0.3542391	-0.033192331			
44825	-39.63		44.73	-0.3713085	-0.034463511			
44920	-41.41		44.825	-0.3887703	-0.036103743			
45016	-43.17		44.92	-0.4062321	-0.037762614			
45111	-44.94		45.016	-0.4234977	-0.03982703			
45206	-46.72		45.111	-0.4408614	-0.041057057			
45301	-48.48		45.206	-0.4583232	-0.042711269			
45396	-50.28		45.301	-0.4755888	-0.04436082			
45492	-55.95		45.396	-0.4932468	-0.046019691			
45587	-56.84		45.492	-0.5488695	-0.050021582			
45682	-56.88		45.587	-0.5576004	-0.05255732			
45777	-56.86		45.682	-0.5579928	-0.052990677			
45873	-56.85		45.777	-0.5577966	-0.052999996			
45968	-56.86		45.873	-0.5576985	-0.053543765			
46063	-56.84		45.968	-0.5577966	-0.052986017			
46158	-56.82		46.063	-0.5576004	-0.052981357			
46254	-56.81		46.158	-0.5574042	-0.052962718			
46349	-56.82		46.254	-0.5573061	-0.053506094			
46444	-56.83		46.349	-0.5574042	-0.052948739			
46539	-56.82		46.444	-0.5575023	-0.052958059			
46635	-56.82		46.539	-0.5574042	-0.052958059			
46730	-56.82		46.635	-0.5574042	-0.053510803			
46825	-56.81		46.73	-0.5574042	-0.052953399			
46920	-56.77		46.825	-0.5573061	-0.052948739			
47015	-56.76		46.92	-0.5569137	-0.05292544			
47111	-56.75		47.015	-0.5568156	-0.052902142			
47207	-56.73		47.111	-0.5567175	-0.053449589			
47302	-56.72		47.207	-0.5565213	-0.053435462			
47397	-56.68		47.302	-0.5564232	-0.052864864			
47493	-56.65		47.397	-0.5560308	-0.052841565			
47588	-56.65		47.493	-0.5557365	-0.05336483			
47683	-56.63		47.588	-0.5557365	-0.052794967			
47778	-56.65		47.683	-0.5555403	-0.052785648			
47874	-56.66		47.778	-0.5557365	-0.052785648			
47969	-56.68		47.874	-0.5558346	-0.053355413			
48064	-56.69		47.969	-0.5560308	-0.052813606			
48159	-56.7		48.064	-0.5561289	-0.052827586			
48254	-56.71		48.159	-0.556227	-0.052836905			
48350	-56.72		48.254	-0.5563251	-0.052846225			
48445	-56.72		48.35	-0.5564232	-0.053411918			
48540	-56.75		48.445	-0.5564232	-0.052860204			
48635	-56.77		48.54	-0.5567175	-0.052874183			
48731	-56.76		48.635	-0.5569137	-0.052897482			
48826	-56.77		48.731	-0.5568156	-0.053459006			
48921	-56.78		48.826	-0.5569137	-0.052902142			
49016	-56.77		48.921	-0.5570118	-0.052911461			
49112	-56.79		49.016	-0.5569137	-0.052911461			
49207	-56.82		49.112	-0.5571099	-0.053473133			
49302	-56.8		49.207	-0.5574042	-0.05293942			
49397	-56.79		49.302	-0.557208	-0.052944079			
			49.397	-0.5571099	-0.0529301			
